7994
1649
2504
5538
1475
6956
1137
8831
5641
4813
6669
9974
900
9236
3695
7747
8859
4699
724
8024
8935
6972
6862
8744
2798
6228
2742
8182
1820
4310
5357
8622
2808
4942
8421
1677
5214
1017
972
2280
7193
5385
2373
6919
3096
6006
526
1711
646
4605
3931
4461
9251
2857
4061
2321
3880
1345
1795
8557
9064
470
7556
9672
5628
2027
933
2172
6373
8036
4665
131
530
6853
1879
6253
5984
4038
178
9539
5955
5118
9156
4489
6047
3455
336
2005
6326
9521
3548
5933
823
1493
2295
1760
7135
2819
1509
513
1373
8216
2489
4036
9884
7647
152
9078
2192
1963
7016
8221
6292
5528
7436
6359
9087
9244
5348
4062
7428
4745
884
6609
9221
8506
6900
5588
4093
2027
3627
5043
4534
5521
5043
3387
8168
228
4597
4664
6734
9384
492
4461
5702
8843
6880
8796
2789
9970
7377
3907
2136
3193
9950
1260
6011
9494
3928
6673
6603
5112
9982
9654
9613
8396
8958
8322
8651
7059
8300
620
4439
3868
402
7328
3395
5995
9365
8162
5245
538
1576
8708
8877
610
4550
6593
1002
3562
3291
8374
4160
3264
5155
505
8115
270
7904
6678
913
2995
4177
7487
3284
5066
7116
8436
780
9988
8887
6293
8645
7136
9205
8599
1611
625
9771
8642
522
3262
7114
1808
9704
4055
1423
3337
7271
4380
4459
7232
4440
3700
7747
9648
7114
2007
6022
5749
6942
7167
6567
9835
5030
5946
7595
2461
7275
6957
5626
123
869
3106
1838
6647
2996
1671
5285
2648
3231
9974
6773
613
9659
3651
2918
2222
9529
9092
1674
3914
6947
2664
8401
3413
3949
7833
4749
145
7953
4479
1530
3654
6525
3484
8868
6153
7231
2755
7139
4060
8139
8073
6595
2263
289
6518
53
8454
9739
1030
9333
9229
5414
818
4922
7961
210
376
9411
3018
3121
9918
766
5386
4938
1852
2416
9431
7635
3987
77
4862
7688
4948
7351
6243
5770
7708
6548
4189
8585
8616
5144
6960
4504
2427
2007
1324
8259
5872
5800
1443
9256
6170
5803
2336
8677
4569
1191
6319
6974
525
8166
7755
8323
7249
3080
5827
5547
6691
8620
726
6525
4475
3178
2220
857
4888
5195
3491
2438
1438
1128
9506
3228
5738
2017
2273
3137
4422
2550
1600
5132
3019
5438
3851
729
1171
8999
6515
3920
1496
8249
5266
2287
7553
5865
4774
9591
4926
9891
2535
4923
5583
8353
8838
6181
3037
7510
6249
23
1975
7833
3994
6177
3903
8528
3550
6142
8529
8690
4778
8383
5581
1854
3434
326
3899
5990
3742
7756
7375
8747
7266
7465
5298
9087
9103
7546
4763
333
5766
5321
1014
7561
9161
7330
7005
7435
407
4712
6869
8737
790
6907
4281
7274
8860
6357
1968
6868
6732
3276
9720
6516
2172
246
8611
8541
1833
8980
8597
6478
2640
7803
9398
2002
8562
6517
1191
3604
4973
8261
725
8398
4298
5029
8881
7242
8011
7451
3688
364
1526
5996
2681
501
8568
850
240
3289
6170
6902
7903
7936
3955
8322
4016
4245
8649
3390
5162
4542
3707
9329
1603
7753
3918
7709
769
83
4177
197
6903
6247
9536
5234
9720
3225
122
937
5887
16
6895
9645
3680
2610
3450
3327
4806
2336
1681
1028
7939
4179
2100
387
6511
6189
9050
5167
2207
6384
5111
1342
3066
471
3410
5263
1538
9112
3009
1374
9630
3389
9666
612
7750
7371
4313
9177
7637
5479
6365
5345
9929
9252
221
5658
5218
6707
2065
8242
6612
1339
9332
3348
7308
546
9046
7289
4213
219
5184
7230
1536
5429
6391
9717
2723
3568
4688
2242
7335
7731
3284
1448
3351
7194
1964
3114
8146
5824
7853
2477
4444
6701
8158
9244
4859
7745
5947
8801
6575
9151
289
4891
6275
9829
989
9758
7908
410
1986
9807
7399
2600
9068
9844
1722
4289
384
4325
7733
6699
2063
2219
1192
7928
2739
819
7738
9580
3054
9472
9090
7865
4338
5874
4565
6695
1599
6386
4115
3899
9904
8351
4122
7781
6440
1191
7060
5835
9906
7649
8861
5701
7208
8212
8880
6177
486
7182
5135
1182
6592
2279
1452
6811
8130
5935
9850
9062
9518
850
6488
8973
8444
7875
8974
9733
340
827
6717
6579
1456
4031
7489
6440
1704
9942
9176
3909
1756
5598
7242
8537
237
9096
2763
4715
1356
6126
1479
7253
5592
9516
8871
851
354
8355
7483
8389
5738
5067
1591
1067
2369
9799
7280
410
443
6723
2601
5354
6506
9011
2760
6977
6263
1497
8281
1296
7163
6540
1538
8110
4414
1979
978
1676
6329
3830
6378
1706
8892
7808
815
6349
6571
502
253
9265
8298
1960
8837
3736
2209
9512
1443
3586
8974
2864
1413
8024
27
5118
2423
2621
2305
6952
6503
5870
8748
7529
8296
1420
5018
9373
989
943
7449
9643
8023
7960
3599
6148
9984
8116
6482
88
8237
1201
4411
2044
166
1824
897
6549
1172
1603
8861
3091
1453
9195
1549
4143
3693
9161
2570
8850
3465
5061
7312
8968
8154
6346
4507
7810
1234
9586
2576
1789
1877
8429
7603
401
3042
2559
396
4644
1428
790
1782
754
250
3866
9145
1024
303
4267
2876
8163
6170
4511
5315
6311
7415
5302
126
1565
6571
2902
7979
1291
4063
2317
1861
9892
7308
7721
1393
59
2670
6626
3672
7113
5729
7940
9418
2817
2466
2525
608
6469
4006
36
1458
743
1164
7665
2940
2560
8245
632
631
7532
5198
718
8262
3485
3519
5075
4361
983
4422
9894
3711
8541
3237
1264
9905
1909
7437
7130
3281
2044
1179
3488
1139
8452
7547
5264
8060
4888
4928
598
8765
9816
7524
975
7185
2916
8762
6222
5291
3359
6715
5290
6560
5763
5455
4632
9139
8573
8967
4235
8422
5065
4700
526
1607
165
495
2848
6456
1091
8374
1147
1013
1835
2235
9388
30
8790
4578
5999
6375
3558
9192
1496
4539
6860
1330
4474
9112
2760
7856
8628
6613
3652
4066
7471
4723
5057
4861
4443
8673
