8042
9688
5631
6130
7114
6877
7765
8919
3189
1637
2122
8903
870
783
6935
4196
2178
5831
4820
5299
9496
4058
4997
8478
9424
9430
5740
3754
1418
846
1347
8506
9411
2925
3308
7271
934
4797
9593
7279
921
1144
6453
537
2309
9712
771
5559
7651
5001
4657
7202
583
4398
3236
332
5509
7607
8351
1750
4399
7502
8471
7772
9731
9226
8618
3185
1762
8618
5648
4676
6014
6018
5276
7640
4000
3655
6913
4460
8899
4106
770
3571
5010
7653
2861
1601
8220
6760
6079
3412
8069
8407
3739
3964
7657
2744
5250
5526
8867
8841
5718
5687
9460
2670
7225
7467
6428
9334
7311
1685
827
7301
2117
6567
5459
8460
1252
4690
5733
2660
2780
6578
6653
8002
287
9081
7342
5350
1021
6341
7797
3744
900
8902
2005
5061
6459
6270
6684
3565
5548
671
3505
5572
6668
3331
8261
6247
3144
6407
8141
5899
2841
5706
1100
7579
2709
1063
9258
104
715
2970
8052
9608
8574
8331
1153
8415
4778
1460
1036
858
9184
5117
1575
4874
9959
9970
9961
5715
7261
1360
6498
2859
2828
4421
5089
3147
8587
4687
6236
837
4241
52
7686
8305
6727
6080
3018
6876
9778
8706
1403
2043
1704
4113
6051
5005
9894
3085
4847
8348
3282
4405
2436
1582
3194
7090
3784
2651
6277
9855
7578
1314
5628
8894
5556
487
3713
9234
3543
7510
7731
522
3948
2107
4248
6663
961
4740
8009
8504
5809
5640
4051
6078
5379
2242
1472
4909
5049
4349
3452
2784
2616
9435
6269
784
5180
6192
9456
3265
6152
8768
4085
6669
3656
2202
7469
562
1375
3513
2300
5413
900
2256
9141
228
2429
941
289
3674
2359
7135
1912
1993
2348
3671
7991
9243
9975
1007
3680
8563
3520
7947
5026
5489
2599
4544
7406
7508
4630
6704
8604
6685
8989
2521
563
2545
1660
8103
5793
6562
1747
1521
6826
2466
3122
7698
6694
4140
6949
8613
315
8239
2602
8373
3990
1807
4211
9393
4077
7311
9842
4317
7724
9846
8529
9984
2413
3387
685
8609
3042
2275
8344
9386
6473
6675
2636
8293
2602
2086
2777
4152
4190
136
4293
7150
3994
3656
3324
3853
2003
8839
9532
7488
9583
12
4334
3488
4254
6751
9708
2862
159
5094
6981
9140
2686
6450
1134
403
1130
8172
4147
4491
237
7441
2176
3151
2315
2931
8037
5395
2942
1144
7961
8900
9383
8768
4299
1561
22
7781
1938
1675
4776
8649
8119
4912
7105
6966
3866
7562
4047
2433
6841
5107
730
9850
7974
8224
6181
7517
4693
2473
4736
4991
7909
6290
8718
9209
3132
144
5401
1680
2719
3687
2914
580
2095
9559
2319
1564
318
9498
4924
4458
3248
2818
4027
8575
1358
7065
6135
9432
2595
5106
5532
1409
1503
5665
5012
2163
9124
4993
7572
8484
7047
7660
641
6169
782
9622
1978
787
7348
3490
6453
9579
1767
9867
8695
1899
9105
7645
5135
6032
757
4134
8346
6456
1641
1803
6417
8071
3244
2133
5509
8759
3712
8322
7177
8130
7056
4603
3698
161
1716
7663
473
7454
5742
3853
9126
5667
9129
6119
1614
7220
3890
8359
3615
4033
2153
6366
8207
3228
3867
4017
8472
4637
5222
8178
7034
6430
2192
2933
1964
3267
7571
8042
2525
4803
6361
2692
4457
8492
694
4392
931
8900
5166
5602
8400
8063
9119
1725
9367
5333
2250
9561
5567
3859
9557
7595
9411
6356
7882
7016
712
6655
1763
2792
3298
1626
8757
168
1065
4551
2147
573
3429
2928
809
3744
6759
8553
9852
810
4362
5499
538
1456
5572
3353
1430
9794
6650
1881
3617
5471
2175
2202
9362
211
9337
3162
9989
4429
4697
8443
5361
6
7162
707
8879
3588
2018
8029
8297
8989
5098
5394
7284
2614
3665
1117
6952
2026
8346
6752
8095
765
4914
4986
4908
7085
5403
1080
6554
5985
4597
1882
6101
6522
1466
4312
8800
8039
6533
9757
236
920
9634
9254
6587
7240
5254
6572
8334
5312
1864
2477
3407
9305
1265
2275
4390
2374
2916
3067
4282
7087
7763
7691
7428
8514
8356
736
2989
443
3871
5854
1182
8903
597
2053
8971
3181
5627
7635
3557
9879
5921
9778
2185
3268
7641
9104
844
9672
6896
6406
9850
8507
6287
1410
9029
7325
4210
6835
9744
7662
3217
1838
5667
6224
6092
6260
6904
9402
3035
4679
6076
6495
566
2772
2759
3277
3757
7060
7533
1839
6904
2539
3682
6118
1148
7087
3268
5703
2497
7903
9307
6043
4118
4823
1354
2491
8742
531
9964
13
7088
2283
1092
2984
4915
294
1027
1751
7292
2814
3167
2824
8548
6693
8109
1714
8521
3789
5050
2812
5151
4856
1685
2062
7626
8157
3986
1874
1469
1720
4652
9726
4770
5222
8170
5070
9257
2022
5012
7685
1718
5116
2596
5902
9011
6407
4281
8372
5203
5292
7349
8242
9230
3459
3980
97
444
7530
5576
6519
9796
3582
7010
6392
8083
2250
6195
9239
6437
7590
7715
6264
7486
7877
3734
8528
2628
6646
3322
3738
1292
7312
6371
990
6964
7421
7901
8046
5454
4112
2420
183
6686
6643
6721
8689
8808
3085
2581
6244
2344
9405
1135
8330
7880
3280
4205
9431
9403
3360
8825
998
908
7357
6544
5337
1598
9867
449
5325
9446
2836
8940
2881
210
2724
1361
7662
5915
7896
2725
3979
1514
1623
607
2082
1981
1489
4200
5998
9921
5156
7838
2530
1758
8507
9908
134
8203
7079
599
292
6209
6110
4523
4678
3236
7420
608
7158
9064
4233
7904
5242
1268
8087
2468
8820
7031
6723
7992
725
6349
1840
15
8599
6975
8917
2724
5479
1871
5883
5438
558
5228
9020
4102
491
6485
6720
6879
3358
8949
1689
4484
8524
445
9083
3618
6170
7856
8340
1161
624
2432
4793
4193
2950
3653
9997
1673
1795
7195
1211
7609
3299
6772
8884
2226
3519
8328
4240
9074
6874
4795
8770
490
5284
8262
4394
5418
9076
998
1453
3290
8295
1734
5234
7374
8696
9477
3474
7349
7305
4072
7810
4799
9458
3154
2614
8801
3877
8456
3603
8583
276
5533
4336
7234
5493
9356
3587
4805
7715
650
2549
4818
5439
120
5908
52
6382
4470
8720
9423
2663
1107
52
5287
4282
1631
3185
1982
3257
9390
2526
7822
5022
8141
4400
8244
9665
9448
1595
3919
4762
831
3575
5675
5943
5919
6977
5014
745
9752
7379
6438
1889
2183
4289
1867
3332
7145
4422
4311
42
261
3619
2116
6976
3324
4012
638
3406
3521
9373
619
2226
6250
5262
8580
857
2807
3760
6176
7044
5664
5088
9431
4128
5377
9324
9167
7993
5133
2802
2352
4625
2102
5819
939
258
7853
835
5387
2612
9372
2518
8078
1828
9923
5749
7296
1913
7712
2350
4551
2381
2157
8415
8041
6474
1877
3095
8843
8548
9988
4401
5321
504
4916
3621
5670
4989
7414
1706
8966
4367
1024
3867
5780
758
3149
542
3774
9022
366
4986
8488
806
3790
3073
3094
3353
4080
6960
1324
5159
939
2541
6197
3425
425
8513
1455
6487
794
8238
6535
6896
1733
3057
6925
6738
4894
2503
1792
3169
24
8556
1565
6586
5423
9485
7997
9144
3187
1463
1198
5405
4081
4810
6019
7373
4000
3976
6583
8345
966
157
7509
9460
5796
7419
1490
3224
2466
9522
4780
4338
8013
6025
9990
5450
6750
2244
1315
1533
4899
8103
1815
2839
8730
9713
3807
9698
9104
2182
8653
1768
6956
9251
1170
3905
6287
8738
3606
1804
7916
5890
661
2189
3786
2567
6657
9792
4876
1652
9779
6512
942
5763
5097
7912
4617
2704
7604
3015
6688
580
889
9241
1523
1068
909
894
8410
5083
846
2088
4160
6581
6121
6515
5200
6714
5710
2381
5725
7067
8754
4689
8695
1551
4749
7827
7622
9735
6381
6812
4492
5944
3095
2376
4927
886
1685
7295
8794
9016
505
9870
5231
1595
558
3606
5988
9385
5352
5092
9830
4944
1048
6014
5060
2623
8924
3451
3212
719
8318
2167
1809
7806
9113
4130
3454
8509
354
9259
6733
6637
2019
6459
1009
1115
3639
5566
3279
4244
5408
7162
3790
6059
4251
9046
5272
3455
6281
7304
3659
1575
4698
1923
5741
926
8387
2500
9276
7852
1804
8604
8709
8308
6312
3102
3425
137
3611
4960
6475
9613
459
1131
2933
1120
2700
9643
3864
7807
5169
5444
9288
3521
1753
5561
4500
6067
2958
2321
9804
8503
627
651
5931
9654
282
4491
9280
1340
795
9316
4105
1727
903
9360
731
3967
6936
2615
8991
8231
7792
6187
5602
5718
3389
2694
3772
2487
4907
4858
6807
3659
9092
6949
5166
570
2944
4216
5573
4260
9184
3053
5186
7435
9594
2951
3600
1588
3052
8618
4663
4458
5909
127
249
6212
1342
6000
2225
2384
9222
1786
5017
6885
7004
4203
1499
5578
2487
4028
8253
3197
7471
1846
1161
2437
1148
7041
361
4878
9538
8198
6909
4631
6266
7499
3725
5671
8815
6461
9580
5479
9201
9093
6833
4730
1003
170
8634
1630
4475
9228
401
4102
3410
1824
7662
4785
2577
90
6571
9379
7681
2653
9944
8025
2317
9
488
6828
5790
4858
9060
7152
5187
7481
178
7595
3102
8420
8468
1487
1466
3701
6928
3858
6555
5966
1031
9165
4016
6890
4542
2026
2122
7854
9931
2186
5092
5256
1137
1965
9391
6662
835
6187
2173
7930
2961
5460
2919
7414
7690
4554
6437
1061
3452
6958
4896
9493
8326
8547
7595
2960
7717
3114
723
5925
1911
4218
938
3530
3433
6611
6443
2105
7749
8678
1753
3763
4435
1841
8054
1600
2072
5382
9716
4374
1180
7751
4042
371
5826
4512
3757
5269
225
109
2514
7769
661
5416
2070
2466
1787
3940
5824
7543
9393
7869
5598
5281
5743
8380
9745
7907
6718
5941
2885
1488
5969
1653
5054
4063
455
1282
3626
6994
4971
7675
9687
1884
4719
2132
3992
4059
3435
640
9839
8857
1111
2818
6443
7167
4200
334
9331
6859
7737
2413
9848
7857
9168
2444
4823
4481
1274
1026
3567
2287
6911
635
1340
8763
96
7393
9417
7967
5741
5054
8565
1382
1851
8745
9522
7946
4173
3169
7338
6984
8218
7326
4390
2380
5272
2767
6688
1259
4989
7111
5810
8231
5431
7892
1783
8
1389
334
109
1917
8602
2057
9540
4529
3301
3050
4175
130
7450
7995
8621
8599
2540
2541
8550
2823
9787
2801
6749
6895
3598
2290
5421
5230
8161
288
7989
8789
9430
9486
485
3641
3238
8616
6183
3976
4687
414
1660
2928
1792
1272
5953
6152
1809
7013
5906
21
752
8969
4606
6063
4472
4832
9176
9838
3410
1585
3199
1911
1580
9195
8076
4680
8735
1911
7889
2252
5689
910
7379
5633
3717
4335
8597
8332
742
9134
6756
638
2036
7154
8786
7356
8914
687
3943
263
351
2307
9602
2652
6467
1478
7889
4127
7582
2310
6765
6336
7694
2457
5070
6752
9476
4127
4062
5177
2066
4364
805
8718
8718
2781
8673
6204
1571
9842
2719
6904
8334
1954
8309
8383
3469
7268
966
4740
5277
7334
4966
9983
493
521
9648
6963
2346
8424
8523
7183
4954
5845
9148
6809
4251
5410
9547
2822
394
861
4935
6643
2375
3565
8340
6876
4543
8429
8934
1153
1582
3132
1834
2549
4156
5826
8855
8327
9176
8075
1505
843
4652
5582
9526
4847
6020
198
7297
4481
8546
6458
7572
2167
7252
1919
2400
6293
9724
3329
8587
5140
6879
600
3223
5141
600
4570
2984
9988
8529
3750
9718
7254
7217
1246
366
8629
7947
8608
4654
8648
3695
1436
6876
3965
958
407
1159
3380
2890
7915
2955
5630
2815
5869
3791
3837
3988
1400
9798
2725
8567
5456
3595
1914
706
377
9669
5483
3588
9671
3934
8290
1323
639
5057
3186
9853
7300
2170
3756
5931
6706
5562
3692
8559
8593
3561
6498
7672
6464
7483
2130
3938
3975
5626
4923
9371
4405
1631
73
7333
2068
2385
3867
3346
1356
5503
6090
7982
3350
2614
5650
5280
6605
1192
4860
9267
9342
9039
7217
1546
492
3846
4828
4501
5564
7157
3443
8502
627
8084
8999
6108
3598
6621
9581
5502
7835
895
2530
3858
1949
9258
5740
521
8543
5078
7511
4894
3735
8095
6448
4348
7097
9883
166
3548
162
8070
5083
4924
7666
8253
4969
2861
977
3924
6319
547
9234
4001
765
2413
1633
5433
7939
4342
5123
6520
5418
653
3579
3061
5605
7468
3123
5371
5489
5288
2867
3834
6187
1807
4161
5932
3988
6859
3843
5777
9920
3884
5437
7204
2068
9241
138
1530
1612
323
2911
9339
1091
9967
4755
9686
3685
4707
4629
1454
4
3897
5748
8113
8399
8635
9338
215
5293
4705
9593
4543
7148
7171
3141
467
9081
9426
9208
7779
9076
7327
6500
8853
9066
9584
3686
652
7263
945
2487
2619
2800
9179
4007
4826
6454
5992
7891
6318
1147
829
1939
854
9655
6943
898
5934
9202
3914
396
7390
451
3875
5696
8854
552
9263
6312
5999
4679
4103
3633
4658
1034
9118
9811
9432
1083
9174
8844
6789
3039
266
3954
9894
395
4374
9665
7313
5896
9462
1668
1449
7204
140
5493
7756
5352
5776
3064
5465
9858
3932
7176
3009
3792
1621
6812
7080
4729
8767
8707
6470
7746
7186
657
5256
2192
3230
5485
8480
368
2405
6026
6285
468
5171
4420
7352
7251
7753
9488
1408
1902
7258
4080
1847
9344
3158
9166
5735
1867
9492
5463
8932
883
7359
2366
7985
1439
5790
9750
9521
2167
1302
7767
1002
6463
5476
3082
8641
6728
5916
5988
9457
1215
1055
8525
4627
7003
4515
1246
5663
9983
5502
7910
7173
305
3697
239
6385
9193
3293
4779
6747
9639
5999
9735
5390
7198
9851
6838
277
5996
5740
6944
5012
1338
7304
1274
4297
2874
266
4504
2830
5735
2365
1101
8938
3270
6758
2078
6262
8975
3264
9623
4325
6157
5583
9238
1678
940
3977
8162
2495
3020
2329
8952
1128
3650
4606
9962
3391
8130
5354
2883
224
3843
750
7641
7895
352
1559
6588
2425
1984
4543
4287
3046
1441
5389
4442
2989
3708
251
8390
5241
8361
9316
7365
3837
3591
7327
5636
105
4337
5916
6452
3669
9597
1045
4572
6779
1532
348
5308
2791
2667
6602
9504
2855
2903
259
3104
7732
1635
5243
4414
1793
7840
3643
1949
1521
772
3657
1976
5845
8138
6193
3076
8667
4096
7525
6112
9606
3718
110
6149
3167
1214
2810
8583
4041
1522
4757
6025
3860
2747
5038
4247
3404
8021
3845
1922
1139
3265
1205
8674
2436
5081
8600
4084
1217
9409
9268
3577
4730
7350
785
8794
4134
7988
8005
3751
106
6708
3310
5438
2219
130
8200
2789
7352
2267
2657
612
1166
7864
6182
4343
5533
7043
3570
7960
2830
3329
6960
8493
2275
8101
1378
2786
4938
2210
1659
371
3527
9386
2051
2848
1869
6668
302
8053
204
8030
6781
2668
7730
7697
3863
5146
9792
890
9949
3859
4275
7711
5866
286
9251
5000
3613
9032
8909
4171
7360
6685
7371
7734
8999
2900
8718
1094
9233
4420
1868
6800
969
5623
8454
5801
6300
2970
1326
2307
4605
9412
853
2726
1034
7678
6393
9480
7158
1370
4878
9106
562
1997
2984
5883
9121
7710
5071
3029
3661
6356
3291
2701
7196
2953
2161
9217
4483
1404
1897
2963
8399
2088
6402
3122
6060
9924
9566
4521
6633
8941
123
1934
8468
876
5093
3701
9801
951
4563
405
3849
3903
7549
7913
1301
3054
9455
4309
3516
3414
1430
247
9797
2191
993
5152
6685
2809
4934
8380
5943
2799
3485
5736
2354
2648
912
2182
5951
8667
8586
558
884
1806
381
8333
4147
8706
8085
7837
9635
6761
7574
2927
9027
6244
8859
6012
3202
1328
8752
9499
2308
5989
1099
3786
4122
1658
2411
9360
1855
926
8610
3199
3512
2996
8878
5549
6082
1903
8672
8259
2340
1680
2499
472
5172
8342
4275
1846
9846
818
7758
1253
4456
8367
7029
2132
7441
4893
7337
8157
1575
9690
494
4468
7623
1539
5887
1141
658
4388
8899
629
5194
4720
2508
6695
6423
5058
820
6697
4023
7905
9945
7869
8426
1228
195
4144
3630
7793
2897
3735
7681
2209
8935
4370
8603
4689
9452
8883
571
485
1228
6467
2826
6948
4942
2836
8518
1974
7515
2110
913
1005
3850
7031
1704
1906
5131
1966
7877
17
8687
6394
2775
9107
7584
4294
6832
666
2160
2436
2875
3473
653
9384
766
3042
8926
3435
8486
7455
9439
8742
6920
53
8220
5231
7627
1371
2768
2510
2359
5713
4389
378
5605
9015
9299
4745
801
6115
7105
3025
2729
7415
1245
2445
7307
1587
7066
7915
4425
3364
5694
1806
7415
5286
6522
6136
8134
1782
9219
2507
1789
5351
430
798
2129
2640
3633
8412
2870
873
3244
2100
9591
8870
5891
1859
7138
4181
5226
6544
1667
9771
4532
9524
662
9507
7591
6953
5696
3880
1432
3869
9534
452
6019
5406
6930
6529
1311
5033
9986
4998
9970
2410
4543
9298
3247
829
1732
6248
1685
3168
4978
7193
6837
6500
8193
7225
3783
3071
2575
9082
9827
1265
902
8308
3812
6133
4322
4719
9101
3173
3375
5781
69
6139
5869
531
5783
8642
8344
1399
8034
2337
808
5986
4173
8002
8711
2045
516
7021
8709
6665
2488
3173
5415
2772
5679
5392
6142
1636
1681
1719
3179
5435
9225
3041
537
9337
6073
2085
6855
5922
9465
8953
3493
1116
8854
4417
23
6746
6986
4134
4834
404
8492
8824
1014
3434
4546
8501
1823
232
3878
7710
7335
338
250
1454
3345
1904
4744
445
3060
1575
1538
1812
3596
5728
7001
812
9235
1044
5683
935
2127
5545
8546
8106
397
2475
8911
9848
7305
3523
3595
8131
3312
3049
7524
337
9378
3725
8740
9732
1952
8999
7914
7570
1268
29
3630
7212
3090
7867
4084
8146
2354
9992
1100
7870
8724
5140
2428
3017
411
8711
9351
5951
7747
633
4074
8927
6229
3086
3358
5757
1131
7363
6676
1205
4357
4795
3870
833
1294
6228
1481
606
1886
9485
4174
5945
2457
9480
7674
7827
9797
8371
1090
9549
7370
5238
2539
3748
9513
3132
405
5837
1545
7776
3933
4814
516
189
7817
3207
4735
4207
7482
2866
3609
1744
4251
9971
2705
798
8728
324
381
8459
6685
2218
5731
8834
3508
3740
7658
5412
9053
4186
5764
7121
2840
5559
2973
2877
8849
1416
4050
9600
1405
9621
1127
9354
7723
5528
3899
3184
8442
2781
2332
2325
135
8724
8053
7112
3015
5405
5736
3054
9667
4279
5669
4641
6753
9805
3489
9523
2977
3137
2553
9598
9667
9670
1874
8965
2557
9069
8050
6354
6598
2471
8123
7856
7031
8773
5564
631
8973
6588
8066
6469
2968
5978
2425
4697
6776
4309
4212
8027
2173
3140
2687
4977
407
8936
2582
7122
934
166
6418
7989
4923
8872
3159
7480
6971
4945
5860
5705
3105
3930
5115
1351
4260
3874
1630
206
3382
7844
4630
7282
8734
2084
5767
5965
3436
4939
9921
5590
539
2220
4672
6044
4503
1230
6534
4448
8501
7467
1166
7789
731
7949
5495
2313
9842
5070
3405
3817
1413
896
5853
5180
3618
6183
4732
4719
2173
1344
3496
5404
8388
5145
7051
2961
3790
9794
9622
8815
9982
358
7879
1950
9216
721
2768
958
7972
8759
5567
5538
3904
527
484
8814
556
7599
2281
9473
1983
5024
6164
6728
8065
5449
2944
7711
2679
9512
550
8130
7174
4912
8763
4811
8530
6433
5255
6944
4092
2571
1180
1831
8716
1233
2484
337
988
4695
9925
5300
1511
4795
4568
4284
4742
8267
7204
4979
2934
5870
7572
5718
1989
8231
6422
2520
5132
9297
2245
9799
619
3890
1840
5834
9301
3058
7884
7594
8438
846
9265
8125
3084
3166
3308
6999
2536
2637
7637
2241
3680
8388
3602
1023
5365
3335
9419
188
8540
9076
530
6902
8905
5851
5348
6472
2976
440
740
438
4787
2621
9432
4839
6097
831
5659
4819
6552
6562
6225
4433
6909
6827
129
1785
4993
8489
4933
8925
4908
9211
6851
7969
7853
1976
9617
8685
9131
3577
6252
9201
5982
4432
6252
8197
9981
9436
5281
7638
3521
6399
9610
1828
6467
3468
2361
366
2913
7618
7231
5940
5367
2582
166
3115
4695
7570
6785
392
9711
2099
9148
7780
5411
3049
8079
1037
2817
3935
8695
8739
295
9193
6477
757
2311
3360
1047
316
1693
8348
8996
3813
365
9858
9237
4759
341
9264
2493
6965
2221
6012
1314
2560
6206
5427
9677
7874
26
7938
5607
5107
1499
1431
3695
4371
7743
3795
7149
8684
1501
1127
5818
8084
5027
2319
7976
7856
7402
807
3788
803
4491
2617
5744
3841
699
4311
1195
1079
299
5509
4164
656
3405
8643
361
4161
7172
2278
3204
1736
2088
9148
8288
858
7937
9921
8757
7133
7527
3262
5354
2640
6723
3864
8692
7874
9824
2402
3602
6570
9511
7536
4622
7415
693
6692
9599
2534
3669
4267
637
9563
1985
9863
1493
6956
6179
9599
2912
9484
4574
8872
5437
6384
7378
9686
2369
7141
3913
3793
2384
5623
9215
6112
1640
2222
1509
735
8769
6710
1309
7277
2245
8296
1541
444
8381
5015
2218
1978
3442
5468
7603
4568
7954
5690
4767
7017
1592
5494
7106
8154
9789
3593
6283
1939
7048
5608
688
615
7420
2098
3572
8991
6390
184
2667
9086
3188
4803
3884
4637
3328
3358
7625
4406
6953
2466
8301
5863
995
460
8411
3249
7992
6326
2951
6545
750
5130
7082
1856
5239
6423
2338
137
1110
204
4511
1286
3479
5295
7263
4310
1309
8065
5738
639
8332
7134
136
9987
2008
9894
6947
8625
2895
4013
7447
9132
512
8790
6897
2497
9336
7065
7704
8737
1520
5799
585
6678
8007
5821
1629
8284
8512
5774
7121
3645
175
3975
200
9395
904
2649
8512
2893
4096
623
8183
4557
3562
6071
3803
1363
9937
1236
7311
3349
4477
5285
238
8782
7435
2134
424
5236
6795
1355
7993
7902
3000
1906
548
5849
5534
4079
4264
82
8165
2872
2769
1181
3405
1660
2963
591
7494
8294
6495
7680
2355
4077
7914
7389
4541
4539
5879
8949
4766
7261
7921
6311
217
9828
6770
8594
7379
9808
3371
3262
8587
1114
6344
6720
8431
8934
2843
4846
1944
2308
1112
7870
2497
3823
4101
3342
5700
6208
1274
454
2866
4693
7187
1573
76
6339
7707
7367
3869
2766
5111
8822
2168
5003
7919
2356
1024
319
435
1122
3326
413
7512
6393
3131
4610
3546
6992
3443
9304
8897
3545
5626
985
4751
2254
6738
5091
8493
292
9683
2638
4961
4851
2119
2159
2337
9093
1599
2139
6927
7320
3529
5103
7293
2874
2862
5336
3590
9595
286
5023
8326
4490
2978
6608
9186
9059
5513
5006
7213
6460
3581
2841
1703
4410
1278
7371
2341
8147
6317
2690
8295
2993
6230
5478
9179
7285
6126
7715
3442
485
6792
5633
9329
8856
322
1568
3383
549
6136
905
2749
3413
8953
992
4842
2347
9403
7961
9439
5144
4987
6883
84
3616
3222
8746
5689
2708
4821
1553
6216
2436
7761
7260
6663
6182
2906
4062
1136
3231
9693
7401
4142
4542
987
5243
8317
8073
8456
9183
4864
6276
6304
7778
3932
1772
2097
5939
3272
2568
9055
3154
4015
9129
6299
493
7406
4369
2132
2714
3836
5346
444
9528
637
1399
135
3106
2924
1886
6199
4699
908
8775
2270
6847
905
2868
6644
6308
4045
5856
4644
2399
2598
821
1850
661
9110
5660
2993
7401
631
284
4943
5575
9007
1190
3793
384
1863
407
946
3433
778
4406
5705
8967
3452
5182
2779
5923
4684
1564
9665
6054
683
7348
5035
5932
4736
6511
1868
3655
5517
8927
5565
9802
9468
3401
6430
4106
2932
6085
896
9908
7250
9881
2202
5652
2015
9690
1438
8118
4827
2689
9914
9251
6748
9349
1702
5081
7826
5370
2852
5658
7909
5891
9749
6870
2551
537
4686
6650
5404
7397
9418
7802
1412
4035
4150
9321
8193
4217
3827
8148
1042
4710
3921
598
4131
9483
4853
9408
1876
7523
7535
5974
4880
8851
5714
9814
4043
1163
6261
1781
9316
7342
9627
8567
208
9752
5475
2095
454
4209
8896
6514
3981
2050
534
6978
2046
2861
4209
6418
9935
6771
5991
7546
7390
4936
246
8660
905
5474
7428
7120
8442
5241
8048
4343
4079
3746
2180
421
5835
4671
6332
8095
2182
8496
1392
974
4906
6980
7324
8719
5756
5245
5440
5598
7683
8126
7693
9991
6262
5252
6930
3799
8252
9985
1824
8529
9735
4248
937
8913
6347
9284
3353
1524
4296
4541
2730
3231
5470
4045
1489
7289
3078
5311
1642
7051
7497
2123
8377
5561
4348
3251
8071
4111
7061
7674
2865
3822
5611
2308
834
8455
5037
628
3871
1204
8476
3424
2644
1111
8380
9603
365
1028
9623
9606
8549
4083
1118
3154
7701
2889
9288
8489
2877
2688
5331
9619
7689
559
8272
1578
4814
5644
5671
9741
3020
7992
4440
415
9267
1277
5946
2002
5063
3335
6577
7919
4344
971
6656
9332
4678
8626
3253
5725
8182
7759
7081
9486
3128
4616
1519
7966
527
9108
8417
455
8811
6760
6349
8154
171
90
3812
1830
4714
1751
4924
7955
484
9812
17
8360
7992
5994
9531
9809
8547
2260
5779
4481
1383
7717
6937
3103
2467
4000
3380
3560
3333
473
9952
9973
2166
1667
7795
4321
1474
3105
3539
1935
7642
6376
6569
198
5148
2334
9721
2080
5263
285
8670
6735
8377
8353
1898
3925
3012
4437
6402
1079
6380
2212
5805
1929
5496
7418
8516
9606
3440
1720
6788
6006
7829
7987
3442
8093
4978
3384
7925
1134
8522
3382
1356
5581
4036
6704
7415
3491
6831
5698
6963
8724
1744
4810
9907
670
8943
601
8787
2752
2005
4646
2309
5481
1305
1036
4764
6662
6905
2428
9071
8791
8848
112
1873
5792
3770
5929
9790
8422
7374
1711
1502
4271
169
6263
6748
7419
5640
6069
9296
3293
2373
1603
5125
9218
1759
1540
6442
468
6168
8244
5304
4118
3263
1195
8194
8848
8226
6447
5785
728
9878
209
8273
3623
7620
159
281
6718
1389
9734
212
2912
5921
4030
4612
8763
9471
3240
3402
4344
4271
1603
2266
4212
8055
2175
3081
2773
8422
770
1565
1006
133
4758
9275
2216
5418
9235
8881
9192
4188
6959
7411
5775
1984
3025
890
2445
7970
6656
4256
6884
1159
8479
3452
6231
3701
5341
9244
4482
3376
4473
6778
7055
1346
8124
8385
9946
5739
6607
1405
660
8924
1662
4640
2838
2562
6967
9381
8405
6583
6185
5788
404
4710
9720
1858
1419
2140
4412
5540
2296
9958
7227
3972
7071
9931
3591
4988
8260
7403
6957
8807
4189
2205
5949
9210
7218
7532
616
1646
8932
8588
1326
4863
1416
7777
1611
5454
5126
4107
2724
2900
8299
5757
8888
9980
6616
9403
3370
5465
6532
3302
1152
539
3250
251
5766
6791
6144
2211
9714
1698
1623
9992
7522
6475
3924
6211
3957
8377
8837
1998
448
8191
1939
8391
5140
5822
1255
8432
9712
616
4346
4998
6657
2819
4138
5356
7529
7149
298
1234
7588
3372
7604
8661
3232
3980
6370
6521
8008
700
266
2214
5367
6740
5051
8352
7120
8556
4023
5433
8941
9914
8816
1568
1367
5373
7907
671
9241
6832
7127
2142
8818
9488
4512
6675
2428
8054
6666
4020
6135
233
3379
9937
8962
4874
8634
1457
89
5332
1183
4727
8111
2797
6226
6691
5319
6368
506
8275
4696
5961
5743
3195
3331
3648
1266
5177
9089
2075
882
5344
6584
7095
6489
8641
5539
8529
5810
3239
1346
2562
2278
8651
8330
1450
5047
5239
7418
8972
8236
9271
2151
9371
1036
372
726
9590
1772
8221
3955
9398
4752
8806
5758
2972
5525
3550
3498
6055
1252
4546
5593
1512
5326
9672
704
6458
104
8611
3202
5557
7190
9810
1345
2878
2030
6458
1355
4253
7841
7518
3841
8066
5689
703
2481
4715
113
9391
2824
1829
492
653
626
3718
1061
2178
6797
5540
2863
4886
7608
8820
5910
2804
1328
216
3135
8820
2319
5241
4698
428
8981
9569
4442
5777
2877
9982
95
1527
9453
402
5695
5245
6238
5470
9126
23
5448
8805
1800
9246
5639
1075
5184
1349
9773
8270
1212
321
6602
6726
7792
6190
3437
794
8843
6812
3055
9876
9609
1882
8457
3543
7626
9001
6611
3192
7023
1114
9347
778
8381
289
3264
7798
1588
1556
5721
9820
8698
4698
4985
5021
3281
6987
4095
1600
5117
8883
4000
5705
8440
3572
1514
973
1443
389
2249
7335
3636
5135
6905
7919
6283
5598
6788
7816
6065
4436
7531
4568
8325
4578
8427
7841
9811
402
8496
1930
3364
4317
8443
5911
9335
4505
24
8743
7658
2632
8558
6646
7615
9907
7037
5024
5153
3648
1906
7698
9921
5611
8432
9259
6020
9704
2785
5886
2903
8292
9173
2952
5853
3890
506
7123
519
6510
4607
7077
9526
311
8157
7282
7182
9806
1906
6525
2364
8191
6456
8601
3775
407
3628
2941
1176
6797
7615
7039
5366
9162
5222
1408
2160
6662
1499
3793
6260
2944
6578
82
352
9971
6160
8066
4261
1228
6243
8324
4041
2652
1353
7327
6004
2028
3917
4461
1945
1702
6801
4475
4571
6422
894
7998
773
1793
8502
8277
2629
240
8956
4925
8281
9860
1835
7987
3726
2782
395
301
4600
8017
1477
5086
5739
1443
1432
5105
541
7361
3831
5287
3598
8578
8833
6376
2803
6904
1246
6860
9224
8432
2053
7070
2048
8422
3762
2437
8550
4110
5765
3006
9797
9215
4752
5216
1675
2949
6076
6645
926
7302
933
9862
7150
4230
9761
861
1661
4764
124
8871
1848
9880
8662
3952
6855
2935
7113
8025
65
949
5564
9277
879
4420
3835
9113
9103
8338
2499
1869
9152
8036
7666
7538
7166
1656
5786
582
6912
7527
9923
5406
1720
7459
8509
6802
4363
1709
1334
366
7794
2045
49
1055
1742
1255
2819
3779
2762
926
6753
8
6601
1732
7546
3571
4716
4790
2258
9182
8860
9861
1011
1161
6652
4112
3879
7751
172
8458
451
3543
1814
2823
5480
4849
6687
1254
3907
4415
4234
7103
5010
978
2705
4130
967
7642
593
6383
1665
951
5719
135
8822
606
3514
310
3497
6672
1732
2394
46
1544
8847
6668
747
5007
7452
9561
8076
7556
4089
7816
5688
1868
6392
1141
8805
6275
3757
9699
2905
2509
9930
4174
316
6191
3727
1268
5437
6446
8490
8881
8007
2946
7732
1944
5598
7213
8233
1886
3053
8748
6486
674
8899
8551
9620
2272
6510
3681
7407
1
519
6182
239
1311
3464
5148
4228
1565
5684
9563
6149
6354
5037
3327
4446
7134
5486
4531
9993
1943
8957
252
4848
5136
6646
7986
9113
1668
4693
5949
813
4060
4035
6846
1329
8253
4225
3560
2544
3714
1485
3661
4731
1691
5765
436
7002
6973
8012
6848
9598
4564
1316
1143
4169
2075
2995
7204
3354
204
9121
1581
9282
7872
3551
5699
6049
2593
9713
9543
9420
8357
9843
1034
761
1844
3371
5494
3078
9354
5470
8114
8734
4056
3767
100
2313
7931
3414
1412
3537
8877
390
8526
7300
7656
2321
9092
6284
9958
5172
3193
8216
8418
813
4437
3253
3948
7903
3587
2759
6902
7924
9071
5067
301
8713
5330
1106
9576
9352
1946
5613
8507
7725
8076
3967
8543
2918
4291
7417
802
9753
3542
2867
4317
6432
4777
8560
8999
7092
5950
4023
2993
5036
3598
2108
9597
2406
7690
4836
2753
5138
3842
6790
6540
1413
3167
4780
5482
7246
5549
7268
1844
2989
5394
8444
1609
5535
8246
9547
4602
4536
9254
1243
5097
7360
7889
9730
5355
3735
948
5385
7483
1697
9093
4703
8023
7252
369
3634
9738
9618
6600
1790
889
9498
68
5525
3875
9460
4279
8350
205
4050
3113
1687
3076
1633
2746
9729
8251
2202
7890
3187
4979
7855
3681
7379
6346
7547
4212
72
9705
8931
7139
6241
9972
2816
2844
4000
125
5213
9277
8225
8233
4050
3516
1878
4796
2427
7109
2032
8333
4344
7760
2720
2589
39
1384
1630
7628
6733
4622
9931
1549
7584
971
7372
2882
103
2176
8602
4340
3199
4324
9484
5635
176
2399
6687
4620
4583
8894
5945
4008
928
4280
7509
1253
7464
6610
2802
2736
9852
413
2317
3077
2147
807
6332
4751
5976
929
8050
5802
8740
7081
7176
8149
3216
2051
5126
2873
7821
9215
9404
5548
8343
2908
1239
5246
6743
9259
3977
7183
2002
3251
466
9547
2868
6820
8916
9698
6163
8286
6482
8399
2914
9766
7037
7077
7927
4660
465
5029
6365
7573
7492
1825
1847
2369
1536
1263
7296
4433
9686
8659
2215
9254
3128
3264
3344
267
3381
7374
1838
5283
5845
7613
7673
809
2672
9347
3986
2453
8611
4534
4368
9367
3703
8397
2509
2245
1962
3455
7189
5182
9643
7692
9323
1050
7805
5610
6938
2441
4508
1217
6443
6257
7414
4329
7123
9413
8923
4769
433
8212
7671
1096
6403
8612
4671
6733
3848
7994
1413
5724
8204
1185
3777
7524
1241
9063
2864
3385
2294
8197
1072
5118
5804
1833
8503
6331
496
9066
5901
816
5979
5397
4180
7372
5339
5064
7624
3198
3243
3633
6479
8390
3469
4134
6253
7126
9393
6426
4669
1817
8244
2657
1639
9711
8116
7828
5648
9281
3866
9764
1855
5677
8071
9637
9995
9026
6807
3377
3465
4954
9368
4997
8049
7366
603
1699
3464
3418
2837
457
7327
2385
9914
4619
5351
4907
6152
3034
2986
4302
6735
8618
6203
5612
7235
9331
7981
7363
1107
9347
7259
4600
4915
4332
1378
866
5328
5558
2521
1374
6509
5160
4225
3646
9465
8426
7378
4715
4606
7159
1338
9786
4759
3926
9251
629
242
783
410
5902
7468
8680
5423
5387
6908
7571
3059
6536
5342
4829
4796
5428
3909
4488
9068
8449
2280
1454
355
3065
5467
6060
3510
9822
7275
8192
6310
1306
1159
4520
3575
543
4168
9682
5071
5702
8645
8239
6711
5558
9908
9395
7374
5603
6519
851
4488
8341
5120
6372
9482
2414
7463
812
9791
6
6304
4556
8498
3375
140
7758
3547
9992
2079
1137
7399
9931
1322
320
8739
7730
8124
4390
5804
5494
809
4892
133
6502
6070
6955
3616
9679
1944
901
2822
5616
9262
9560
4785
5589
4905
8020
5967
9287
6673
8276
4309
4356
7267
4073
4891
5612
3992
2488
7939
2837
2549
5787
2577
5221
6440
9169
2607
221
3918
3910
9508
7766
3150
9336
719
7440
8326
820
2325
3005
855
6612
4316
511
3960
316
1639
9656
1170
8936
8064
6678
238
7021
9404
7152
6542
2640
6453
723
32
6170
9140
2415
370
8970
475
3841
5024
7439
759
5293
8337
675
4865
4069
5400
4990
4690
9235
7186
153
1539
8199
4816
9537
5157
5348
4520
3212
710
6457
8534
5658
8553
3108
5444
528
916
2307
9887
4664
8606
5365
1020
7459
6024
696
2172
5354
9656
977
3671
891
4467
232
2163
9294
7730
9167
4279
8502
1047
3207
5687
1680
1395
5068
8172
7431
7321
4451
5052
8289
8973
8223
7413
3202
1649
1093
8876
9642
9347
1419
7052
214
6553
4101
7144
6934
1393
8956
8071
5613
5138
9389
4151
6808
6544
863
1302
8570
8535
7885
8279
3335
7959
1921
9807
1180
4025
8264
238
6238
68
9066
9512
2881
6830
1490
4673
2932
2890
281
271
749
542
4933
1488
1364
3790
6913
6782
4524
111
5597
7712
6443
163
4231
1480
7598
2814
2962
6682
7339
1362
3418
5166
7452
3133
6288
8082
620
3110
2746
3694
8420
1490
2444
7487
5965
3909
1576
4954
8767
4725
3080
2206
1823
7429
4845
7832
6350
6460
6035
1241
6891
2675
3898
4333
2402
8127
7726
7682
1027
1834
7295
3461
1466
8500
5688
5836
8722
7087
1418
3340
1564
9572
2434
7534
3620
116
4321
4470
2422
1011
9534
6430
3565
1890
5261
8864
1093
6422
6153
1370
7166
3291
6522
5996
2743
5326
4546
8791
5750
4664
1208
4
926
7870
1047
6585
4929
1602
6967
1297
1013
373
3635
4048
5859
8113
5497
5051
528
5640
3264
5419
3815
6960
1356
1879
1889
1375
5701
7280
3715
3967
6275
1206
8859
4171
5164
3846
6969
1081
9986
895
3726
2410
2319
7595
2254
8994
7605
7019
2130
6989
5482
9426
3067
5439
4444
2840
2166
9319
873
3995
1991
8045
1766
9947
5248
5881
2218
5468
1740
2247
7051
6150
2551
2235
7538
9137
9299
5462
3872
4044
7871
5555
9696
7753
2216
2305
9910
2545
4455
7167
2878
4515
7406
7423
8995
3569
5429
2829
697
5199
3759
7104
9209
9432
7250
3488
1564
8855
524
8338
6617
7828
6856
1172
2153
9869
8994
8118
4544
8914
1348
3932
5560
1481
681
493
4461
643
9092
4610
358
7472
29
8835
7584
2677
33
6250
3633
4790
9600
5021
8844
4217
414
9003
212
2967
2306
5351
6958
8658
4201
7114
8889
9906
4395
9010
8117
595
4957
2261
4162
2135
5418
297
2879
1105
6224
844
4792
8954
667
3805
1871
6457
9734
717
6750
4536
4490
3025
5514
1765
8137
3270
5342
6612
7952
6490
8470
2124
2585
6183
1120
2146
4687
2649
346
3605
8555
7768
1211
4207
9167
9358
9183
2895
3095
2192
9017
8802
2817
9778
5296
6620
2676
1976
8781
7122
8764
4860
8524
4332
9977
5739
6615
6077
2519
3287
3162
3654
6940
9282
6261
6919
8328
567
5696
2542
7710
3915
7469
2045
9851
2404
3850
5082
5043
8133
7792
6125
4665
4513
4882
6101
4077
4028
478
9861
1845
9161
2326
9993
3958
1866
8410
6737
5082
7392
6906
5589
1178
8483
4880
4439
3562
9136
4389
7678
135
7670
6263
5447
4133
4217
9774
9812
203
8054
6268
229
1697
6793
4395
3680
4754
8748
7874
8466
545
5418
1359
3374
9130
1287
2781
2866
5280
4745
3015
6604
5311
6330
7336
8703
5085
2322
2583
7496
219
8268
1417
7902
6003
286
8412
1717
4794
2807
8588
7880
8934
8322
8269
2781
1975
2491
2920
244
1073
4051
3411
4166
7590
2358
5696
2947
6219
9916
5870
5502
2240
6655
6477
9824
6669
776
3825
3895
2539
42
6269
8588
6801
4881
1613
9027
431
5925
5539
580
1477
2490
8208
7950
2022
8104
3211
3327
9599
5283
8244
7984
3798
4197
7898
5382
1775
3876
9688
2555
5742
253
9712
3386
186
2317
9374
7630
8073
1362
8940
4210
4141
9859
5158
5099
7701
8119
3429
6835
6280
1380
7553
8858
2896
3725
9345
4830
3868
8052
4865
9216
7979
9373
1348
2424
4187
6832
1354
3168
5840
2627
8023
9832
4830
604
4735
4393
6543
7237
4174
641
524
4043
1421
4139
3015
45
5514
2212
7066
6757
7412
9386
6137
5837
8360
2707
2040
5743
4787
3557
3532
4917
4107
2498
3413
1446
4629
6371
6033
410
3738
2679
7629
2216
2863
9660
5503
5461
1846
5738
2662
4658
8637
3228
8645
4366
4162
218
6086
9396
5368
8468
8538
8464
1579
3131
4055
1907
6739
2321
6828
4104
7261
503
5601
5724
6908
5945
1692
9915
1487
67
1943
7114
1601
8575
2079
9098
3577
4398
7186
4740
1836
2745
1564
9311
7972
6668
9811
6910
7396
1317
2743
5787
6208
299
7777
4005
5471
7438
4522
1269
8130
1801
5449
2675
8523
5068
8998
5164
2565
5814
1283
3372
4947
3967
7476
3779
2962
8002
2506
2773
3188
1883
1918
7566
5373
9407
6693
8716
5884
7318
6183
9181
6121
1632
6265
1480
3144
2786
5750
2754
1154
8779
6549
3894
3700
6595
7343
9540
9207
8681
6500
6366
2148
2778
8295
8482
5629
608
3090
6782
9202
5589
2660
2246
6437
9703
260
4543
1987
8262
1507
5968
8808
7161
7116
8745
9596
7603
6156
3545
1606
3512
4020
1336
7402
3159
8945
3564
3148
5150
8817
4671
646
157
4793
9791
5180
6038
6183
2654
4251
7659
417
4672
368
7292
2146
4270
4500
1353
9083
3898
7828
0
4939
1153
1429
9201
2275
4175
3839
3882
4876
1523
2411
8524
6260
6427
9027
5763
3216
6679
9592
7325
5524
6939
9151
5591
9378
1076
4941
5950
8668
1244
7828
4032
6530
309
5926
4850
8926
3560
5853
8708
2788
4585
8118
2484
2303
5951
8953
2568
3640
1157
3451
8342
6856
3946
9057
5944
8215
9721
3178
7771
6375
7778
9887
6301
7124
3920
2314
8512
5141
4184
8319
2644
8002
3502
4873
9742
3219
1222
3560
2216
7182
1932
9199
6880
9699
8105
6996
2873
7839
8795
8391
6462
9258
7345
6148
5475
5029
1237
1498
9654
7728
6586
8703
9704
7140
1082
2220
8547
9682
1240
7519
6370
1000
7611
5244
3284
7564
5234
4310
3884
626
2545
7788
4365
2057
8415
2583
8953
6620
7054
2186
7659
6251
4789
8503
3889
6195
7160
2954
2927
9161
1031
1723
8629
8177
8215
4190
637
3230
8889
3790
5530
2190
2481
7839
2244
2827
7646
1623
8274
9132
4939
3218
3750
1065
5308
2304
2239
8396
8953
8164
918
3078
4564
6431
6636
1346
4481
3802
8390
9238
6133
418
9723
1451
3234
8593
9443
4509
3153
6060
2106
9501
4630
2284
7275
1155
7462
7256
9592
5114
4998
5714
6069
9818
4144
1405
5317
74
5440
5285
7053
644
6484
4541
7935
9435
7688
3376
2429
6363
5708
1360
732
513
6558
7149
2962
6254
951
7506
3233
4852
3493
9285
4537
1652
9659
8522
9938
220
7663
9176
8446
6189
218
6689
1976
9169
9528
3151
7249
824
3388
2991
3368
7750
4224
4275
2528
7744
5812
5370
9733
1607
8988
7699
4937
2747
1156
3462
7621
3379
187
4318
187
9094
2497
5837
2669
4811
8175
4680
9318
9158
1987
8990
4884
4921
6283
8356
3033
9593
4907
7969
6962
6563
2899
44
8541
7936
3920
1969
3940
3551
7935
2862
5231
1519
9955
1450
6680
6627
3285
3351
3439
4633
9962
9077
6945
4666
3895
8261
1732
171
4528
4851
425
7579
2927
7417
6408
492
5812
4165
3791
3893
9751
7344
4569
778
2112
1074
4409
9955
8463
2454
5887
5036
9147
5386
641
9901
948
4884
5006
9410
2866
8407
7867
9921
4737
8893
5843
2223
1851
796
9947
5446
2837
1633
6562
258
1551
2221
211
1017
5062
4978
2515
1653
6824
2344
8278
9058
5297
6477
4316
3122
773
2121
9306
6875
8302
4092
9560
6771
7886
2763
9047
2788
9709
279
7343
2087
8368
2438
2666
8867
2587
2937
7885
1263
6733
3421
348
6032
3968
3248
1536
2140
7216
596
9545
3179
2313
2080
7326
542
3114
6329
1085
8483
5747
5982
5201
7659
1303
5771
9275
3135
2292
5535
7775
8815
3533
4433
1131
9859
1452
3666
9158
4950
4436
5256
9221
1515
9021
5849
1386
6760
9573
8393
3682
7633
328
3309
267
4161
4200
80
6454
1046
5867
6960
7960
493
8853
1566
2647
5928
5132
41
7805
6168
8803
9243
4172
7068
8237
5719
2222
9332
1515
1154
375
9130
3805
7921
7111
9960
9667
5413
8184
1824
7816
3011
609
8507
9718
1764
3523
7433
6976
5236
1758
649
9300
6903
3320
6210
1743
6751
8667
4568
5983
8435
1074
1187
8084
4156
2641
4421
161
8564
7823
4561
783
513
636
6804
4899
4693
4664
2601
9179
5557
5471
788
3281
4050
4884
2698
7363
4055
3597
1058
9600
2928
8126
6742
2525
4951
9568
7144
490
2352
7556
1935
4109
830
4906
5330
466
1799
8782
9495
9249
3693
4436
9446
8261
7061
9526
5389
1388
9455
2901
9065
746
6211
824
544
9707
2773
936
4232
7763
5
9416
8412
6877
2492
900
8938
4855
6378
4063
7679
4293
6762
5949
833
4169
2693
2323
6640
631
4985
4274
166
1092
6481
6068
8695
6598
3907
3376
5562
5348
5356
2881
7974
510
7913
7148
7969
6305
1317
2265
7958
1578
7070
3223
5410
5289
6784
5927
1662
3348
1455
1386
6898
7296
1713
5411
1473
9743
5902
9346
8574
6412
6548
361
8474
588
8152
9466
6621
8718
4163
1458
8975
7794
1131
1987
2759
2661
2601
965
4360
5626
9620
6272
5825
8366
8426
5009
3344
6377
977
7019
1998
5670
806
5597
9697
1910
6005
6859
5158
9396
8224
3195
7722
7748
8239
2020
2154
9347
1753
8121
5734
3962
3265
9768
3279
2110
8509
3608
1518
8546
5732
1796
3992
3866
7468
5703
3304
682
814
5823
3007
1528
1067
9582
7906
2776
8321
6995
2153
389
9481
3802
7678
8062
690
1186
8681
5680
2696
3944
5936
6811
9496
1252
7076
3124
2085
7198
212
2029
6852
2236
1508
1142
9541
5852
3815
4406
2560
8689
6328
821
445
651
8828
8257
9138
8674
6877
1524
2107
2679
5631
641
6824
6443
4303
6046
861
7267
1382
971
1348
1127
7558
8314
1134
9665
6278
9329
9560
3737
5349
6858
4627
547
7912
4706
8710
423
1213
2185
4872
6418
9202
4714
7601
882
125
3595
1995
3187
1860
9224
6077
1389
4258
5995
4001
110
4641
2215
7469
6843
6282
9889
3240
9884
1797
4389
7621
5459
2973
2592
7641
9925
4815
333
2904
3729
7763
1459
8365
3877
4552
9708
2267
6780
6681
1512
4333
1894
7660
390
4277
2873
2990
8829
3164
9925
3630
4068
112
6371
3702
4870
6934
3590
6397
9571
3138
146
4951
2043
1363
9553
3530
5811
651
7690
5154
6199
8741
7087
6745
8463
6678
9060
9507
1667
8219
9414
8342
1093
3054
5299
4903
2793
614
3590
960
2453
7242
5352
3566
207
4484
4084
799
9922
7998
4959
3157
8782
5551
3650
3375
5331
2935
6109
848
7974
6893
771
9830
119
1028
5009
5377
1863
3963
1890
8429
8947
4192
8448
5494
9358
8574
9106
6255
4657
1969
6042
4824
52
6366
5732
3606
6926
6889
6800
6271
3779
2643
7393
8085
7155
5343
8487
7504
1174
7464
3608
6281
4009
231
1013
9791
4462
1586
7687
8472
5934
9765
6396
2315
9130
791
9699
5175
3445
6555
3444
7337
8961
3329
8274
1742
611
5710
1537
2762
9831
1262
40
1938
8492
53
7040
2906
7501
9473
2409
6061
9304
7785
7944
190
2692
9264
339
1692
7585
1197
7071
3669
9125
3211
3229
7914
7003
5922
7565
9343
7254
8169
3807
5783
8879
4732
6596
9123
3014
2111
9253
1954
243
1903
1701
5417
3610
3289
4379
3098
5160
6660
4452
8807
1062
6170
3774
2708
0
36
8525
26
4914
7098
7504
6138
7635
3601
3455
9898
2407
855
1234
6682
9763
833
5387
2805
7814
3786
5263
2705
1467
5012
5225
6890
9510
3077
1538
5342
9377
9390
153
9041
3480
1286
1368
7487
8686
3946
6966
7585
4109
8031
2005
4578
1914
7533
6772
7135
9059
8917
2575
5766
1053
6100
2653
7333
7535
6709
7559
2445
6469
2287
7587
4953
5655
3788
3880
3273
4056
5156
5814
5456
8328
2741
3961
3713
5011
9958
9364
5979
6585
4284
7978
7772
9060
261
9254
1403
5522
2906
6466
2227
6376
2350
8965
4624
1242
4672
4556
4100
5102
2290
6518
7883
9726
4928
4226
8761
1088
420
9648
4469
684
3601
7957
9545
7541
1367
5489
4138
5945
8767
4200
975
6151
2205
9901
5345
6313
6479
7067
7833
3840
5656
3312
9971
1538
1585
2985
8112
3252
6376
329
3909
8570
4406
7749
3641
696
8929
4957
2916
948
7599
616
4681
8678
1095
8598
4314
2535
3483
5569
369
1524
2986
1182
2101
5526
5909
3433
8135
8666
5100
388
8682
8664
7419
9493
709
3003
8958
506
1351
416
5641
7723
7165
938
6228
8681
5273
9510
5030
2940
6210
6237
1291
6052
7586
7040
5996
7743
4308
8365
842
646
7498
4097
6675
6818
830
4677
4386
5772
5109
7627
2382
2804
8655
3793
5983
9498
1412
3612
2691
140
2878
9331
1313
5020
9498
7501
3315
407
1629
4270
7954
3458
4513
3620
2819
7313
4309
4772
3740
2449
2539
5903
8989
1401
7123
3498
7337
5733
9103
8243
5159
4310
3548
5107
2734
2
2115
3570
4407
8166
1333
959
3358
9011
9541
8569
334
944
1120
8447
7802
2408
9307
2817
2412
7786
9062
9989
9914
6045
6387
593
2201
9586
4527
7187
6148
931
3171
1649
3429
6243
4808
8805
2874
493
4985
9834
3179
6846
3466
800
2930
1309
1020
9665
2338
1634
367
5879
4250
7884
634
2991
9535
314
4191
802
3724
2362
3345
3759
6845
7990
8551
2445
6900
540
6585
5116
9621
1890
2824
2268
3942
5554
1420
7416
163
6903
8236
8499
3501
4481
464
7581
8582
3301
8282
3343
6102
6459
1799
2480
3716
1922
1588
1628
6790
5055
9823
4102
223
8640
9025
5853
3675
2807
2260
3160
3411
9035
7423
58
7306
8010
1072
9268
8144
4074
2486
7661
5840
4146
2676
8845
8134
9505
2337
8466
2659
8795
8063
8110
7671
8246
9073
8003
5775
5293
5062
5712
1648
7001
2178
835
6417
3362
84
4646
7807
1082
8202
8890
1340
1048
7600
8736
420
4569
6367
3906
7720
4096
1069
7654
1296
8549
6985
803
8901
1976
9814
634
8931
4687
4703
6261
3715
3321
547
779
5413
8137
7691
1930
3635
20
1282
8049
7295
9239
7841
598
6138
5094
5792
8703
7157
7631
4382
6756
5236
5613
3467
2313
3514
9784
6641
1274
6525
2281
7046
3062
5689
8497
6645
9281
2600
5298
2046
4784
9751
7815
9688
6572
2664
855
3854
7384
8071
1503
1600
5947
1438
9185
9027
2313
9332
3598
4982
9055
2137
2939
2129
4587
2445
9253
320
7962
9686
2739
1800
5152
6791
3502
4878
8982
5276
9241
8638
209
8141
9888
3218
7373
8630
6193
9723
1599
6899
5200
9420
6550
3607
3617
86
9837
7168
1602
1331
8364
642
595
6177
8194
6282
430
1673
1312
1699
7104
1232
7486
4617
9320
434
8426
663
6600
4828
5371
2254
1750
3062
3290
8719
148
8883
4568
9115
3524
1510
2182
8945
4291
2535
6002
3792
4856
3654
9571
3670
6963
4896
1765
28
4829
2609
9613
9254
7202
4225
8614
4807
1581
1981
9642
6112
9963
2132
80
5456
9917
8599
701
3967
1751
787
4021
7006
7979
6385
7219
3503
3174
4161
4128
4807
3694
3508
5837
6908
9744
1482
1079
7478
2438
8628
4144
8238
7086
2351
7866
5011
3562
8579
6910
8254
9542
4687
9052
9140
6869
9856
9637
3150
9344
6163
9264
4942
1466
5183
9772
7779
3960
6720
9314
8840
6659
945
8160
7257
6660
6357
8639
7360
3527
2844
3225
9560
4832
3857
8418
1606
8582
1309
3084
9730
2567
7125
5226
103
7951
9150
9690
2572
5259
1687
3390
1789
436
6374
702
3576
6710
388
4393
7059
9174
3092
8286
3060
6077
1015
489
4658
5053
6429
2138
4131
9473
3168
4551
8892
3386
2054
5153
400
951
5112
662
5795
8494
7357
8927
9409
8941
3146
7443
1137
6847
2142
6772
7738
1099
5198
1625
6228
3773
2506
8509
3420
118
5749
9069
9334
6089
9183
9811
7817
1171
1352
3721
452
706
5973
3616
2908
6194
9608
3576
3855
568
9297
7720
2472
7566
5441
8727
7142
1894
1037
4106
9485
4759
1448
2899
1203
7201
8741
482
6343
7272
5645
4825
6759
3610
547
4498
7808
6340
4336
7429
3110
3345
6897
8525
5765
870
1521
795
7702
5049
4884
4390
7828
2144
4781
9638
445
3744
5055
5429
3550
7013
8409
3494
6035
2286
8253
2644
6810
3351
6104
9892
6740
2985
2988
7438
8856
7559
5670
334
3807
2256
7045
3389
2007
691
9042
2496
4366
1357
8850
1580
484
1439
914
583
4494
7642
1843
4865
485
2709
9906
5083
1566
3269
3097
668
8237
7755
2936
7436
1278
785
3395
7424
5125
5400
4925
6522
7891
1176
660
3532
7914
2237
9967
6543
2264
952
9124
6690
6233
9245
5004
8830
3340
2789
3890
9058
2106
6806
7252
2141
1814
7622
4945
2577
4332
2371
8224
2711
7939
4809
2361
7323
558
9207
8752
9889
171
587
7146
1094
8032
2998
9847
1999
3666
2828
166
9378
1498
2235
6159
2619
4552
3560
8842
9288
2853
9600
4779
7358
3601
3455
5017
6000
565
5035
1915
4030
5713
1807
7045
1047
1987
148
3564
52
9935
4479
5824
2012
2681
9934
162
3223
8180
2286
958
8616
5616
7480
3974
4880
2869
872
6937
2529
9560
2841
8380
2726
3121
3500
9857
6742
2733
4069
1133
9047
6959
1135
8174
3767
6894
6169
3390
3623
3914
4198
5128
8778
1831
5578
8966
632
3583
9486
1707
336
1533
9955
3694
1312
1537
1657
4077
4561
5085
6196
5704
470
6873
726
7797
6079
4514
9887
8902
962
1683
9967
4499
9120
5407
3856
8084
7691
7247
7183
7009
2780
1099
4472
7984
2312
6775
2952
9993
2293
7030
7519
9297
3054
3920
8077
3324
4087
3898
9265
1049
3101
7679
400
5847
5446
5493
694
5604
5230
5997
7735
9173
9167
7876
4355
3452
5230
3291
3979
5720
9254
2781
2558
8542
292
651
8593
3367
9018
4671
648
9878
8557
9879
6049
750
1186
9529
6412
8941
7176
3512
5091
615
2862
9408
2994
1664
1818
7632
3263
567
6852
2368
6034
6208
3846
1096
5731
7526
5119
4660
1213
1538
1769
162
9976
5490
5186
6495
5693
5230
876
5909
2878
5132
3859
3340
5224
4108
1266
2618
3667
3267
3528
5528
2043
885
3728
1695
4044
4620
9889
716
9297
7037
814
737
3403
8900
3241
1587
7088
7486
9727
1839
7251
5037
3958
4994
5049
1473
5118
8819
7005
657
7553
6878
2248
1929
6470
7598
5443
1513
8352
2668
6848
7517
6781
4014
9776
8920
3594
8431
4581
651
3722
8890
7568
5065
9556
2621
1173
367
5791
3026
6458
7593
2571
7475
3901
1568
1644
1993
5276
236
2732
9582
4287
2120
5605
3603
3321
2356
3582
4890
6238
9882
4460
6038
1472
5513
3379
4362
4294
3571
54
4597
8028
5178
8376
6083
5892
3780
4282
3453
28
461
4571
2837
2758
1289
1541
5092
220
6527
9176
3731
8593
5571
2320
6060
6216
1091
9584
3410
5305
6090
5605
5618
7138
7050
9199
6309
5633
2982
907
2075
3270
3927
3841
8889
5117
2675
6779
3209
5814
9353
9336
8987
8111
2684
5438
8244
4922
8492
2049
2780
4763
5809
6301
3134
9587
9814
9830
8713
3454
4252
1958
2054
61
5809
8406
8301
3229
5121
3785
8757
5006
6082
2245
7750
5793
1574
848
7904
1212
4929
8118
6703
4833
5770
467
497
2342
7297
9800
2451
2589
7032
493
6779
2759
3296
7820
7113
6652
6270
2177
6688
3419
787
8956
4986
6707
9457
83
8772
9787
7981
7111
8469
7760
4668
1016
7052
9743
8418
9586
1374
7688
354
2538
8225
8453
5341
5392
1304
6065
916
2522
9194
1192
5515
3668
9048
577
2282
4283
1190
656
7553
630
9630
7898
5350
5506
1195
5887
493
9628
4940
7400
3129
6874
5685
9894
3809
4575
3610
7507
2966
5236
9945
1777
38
9317
6033
3625
5162
8513
1595
1432
1168
3373
9326
2847
5721
9575
6996
3443
7151
7692
8310
1741
7561
3316
7795
5953
8954
468
3425
7745
1828
5322
8088
199
817
1896
5844
8807
51
2421
8317
2218
2442
5257
2888
2401
1320
8228
7380
2365
6999
1129
4593
6697
2856
9336
9664
7673
5791
5643
1151
8818
8731
3801
5475
1074
6342
6915
2920
4715
394
9589
1826
4331
9228
1950
9484
8688
2953
8345
4546
804
5836
7486
2118
9452
6802
5261
8034
4922
1631
5826
3027
4776
1146
9717
3157
5007
2770
5669
761
5458
929
7423
9203
6907
4946
9297
3283
3613
2842
2786
1664
6424
6940
3186
4346
3427
6082
9321
4708
5979
1848
3569
2505
8680
3463
7775
4770
2661
7496
4165
1120
7135
6560
3129
5155
3123
1658
4090
7329
1671
6337
4632
5001
9983
238
2122
9560
3439
7608
6024
106
2471
4736
206
9444
6478
2611
7614
7611
8790
388
6581
6488
8441
1629
2302
2505
6380
6335
5040
8283
7467
4798
1445
6248
9248
6876
2330
37
5938
7508
203
6669
1478
3571
1619
1674
8034
6770
301
94
7614
7177
8234
6672
9953
2498
9393
5045
1422
1538
2190
6024
7539
873
742
9499
9418
8440
1512
9396
6188
2220
3819
5044
2937
2951
8040
2793
9217
2178
7478
2651
2904
5780
4664
9231
3885
5788
832
1958
1681
286
6537
6195
6874
5454
6486
4205
5464
64
1189
4202
9512
7235
7426
1132
7935
2923
1346
6008
2729
2543
1456
6103
4655
8442
6548
7685
931
8855
1032
8777
6307
7495
9661
223
9225
9699
4222
7011
1488
7594
726
8982
4176
1621
3314
3829
731
2124
616
5793
7894
7544
53
8217
1560
6295
6493
5671
9168
6985
3159
6814
4500
6632
9907
6752
9472
3969
2460
8502
1484
253
3149
4990
7817
1771
3821
7875
578
4476
3610
7164
1787
5026
8137
2409
5824
1843
9573
4682
8976
9169
186
1209
26
7667
4324
4729
9269
5504
9547
414
9210
3169
5073
4987
6596
8847
9798
7324
3611
9641
6514
5949
6220
3863
6077
7864
6937
7014
5234
8780
8986
8444
2273
8465
3043
6570
4565
1576
3152
4101
2046
4064
546
1664
4193
750
5234
9634
7362
9441
9289
3349
5348
8754
2344
5761
9054
1244
8871
8639
5539
5547
3819
9792
5465
3182
3693
4543
5893
1999
1607
4940
2825
4525
3869
4406
4030
3948
6600
5314
4276
7646
7393
8333
6731
255
7417
4068
4377
6632
8321
2093
2699
7166
7600
4192
1467
5843
6164
4029
6972
6068
9347
2008
5932
7590
9764
1986
4675
4480
8023
495
950
1138
8006
4060
4550
1767
1867
4116
6987
810
8465
3940
9261
343
9256
6502
862
2403
1358
9721
170
1089
5295
7148
3758
4561
9327
1198
8697
2191
4482
2252
5261
2057
4196
2887
9077
9236
4775
7464
2468
3540
6418
6475
3354
6926
7270
1132
5279
7587
24
5333
0
9077
1440
5989
4719
4080
2795
7899
6706
2880
1685
6819
4128
4573
7627
1847
3074
2501
222
1858
4570
8491
4622
4383
9239
2296
5192
2561
3002
1573
4501
9542
482
3287
1826
554
8488
8622
3617
8748
3356
7183
2874
2569
9922
4620
4269
6122
1420
1375
4156
7171
4924
9182
8033
9604
2925
8111
9717
8899
4586
6146
7765
7702
2222
330
2001
338
7503
3777
6594
3609
4055
6340
3421
8039
6811
6361
4616
1810
8738
9281
8434
7640
5756
1825
4717
991
7267
1821
8513
9285
2441
6381
2149
9053
6332
8184
9652
5843
7099
4860
9294
6827
8969
9823
9146
3087
1411
5062
9773
7782
6373
9524
6419
2673
3702
8502
8015
9507
2689
7877
9019
79
4654
9656
7467
9700
4901
9302
3574
4291
6659
6310
706
9750
9818
4035
1868
341
5473
7199
9451
4184
7860
1192
7881
8693
7144
7756
2693
5050
7908
7796
7505
8059
3793
1263
9319
6342
7221
97
5961
396
3577
4
4238
471
280
8676
3477
9277
7628
4384
4751
17
3757
870
720
2227
464
2345
9979
6226
5200
9326
188
2424
6278
5259
5777
4195
2071
8699
379
6159
5634
5270
6897
3796
787
1538
8769
4777
7662
8701
2857
8449
4463
8738
6170
1863
2320
5986
8703
9091
986
9717
354
6947
7813
9768
6346
8310
2080
5429
1480
6794
8281
2572
7544
8450
6928
9377
3122
9365
933
9258
4437
3798
9736
7809
1391
5700
852
3612
9038
9347
1966
8611
9695
9361
1467
8094
9817
8019
1485
7284
1464
1999
845
1558
2908
9748
7488
1456
3172
7855
3728
1177
5038
475
8855
210
2883
7672
810
5850
7028
402
5008
4513
3510
8244
5490
7947
1792
1615
721
9390
1970
9626
8193
8522
7946
1089
1348
8084
3362
3529
7699
5271
9182
2031
4823
8698
3618
7770
9699
3855
4393
4317
3133
2983
4845
7184
6949
5410
6863
472
7568
2561
6369
2113
5523
5082
2372
4589
6179
1834
4965
5694
9469
4931
6376
5832
3967
1555
9414
3232
2704
8370
2261
3874
5204
1066
1500
7973
9330
9175
3634
1327
8806
7812
5406
